image: bk_map_2505_01.pgm
resolution: 0.010000
origin: [-12.840000, -11.560000, 0.000000]
negate: 0
occupied_thresh: 0.65
free_thresh: 0.196

