image: ktx_map_2505.pgm
resolution: 0.010000
origin: [-11.880000, -12.200000, 0.000000]
negate: 0
occupied_thresh: 0.65
free_thresh: 0.196

